front 1,back 1,tags 1
front 2,back 2,tags 2
